2021/02/13 5005 20 11 1
2021/02/12 5005 30 10 1
2021/02/11 5005 95 55 1
2021/02/10 5005 50 42 1
2021/01/21 5005 18 5 1
2021/01/19 5005 10 9 1
2021/02/11 5004 68 19 1
2021/02/09 5004 152 10 1
2021/02/07 5004 44 32 1
2021/01/27 5004 18 5 1
2021/01/26 5004 10 9 1
2021/02/13 5003 66 19 1
2021/02/12 5003 102 10 1
2021/02/10 5003 44 32 1
2021/02/09 5003 48 21 1
2021/02/07 5003 57 35 1
2021/02/03 5003 48 9 1
2021/02/01 5003 12 2 1
2021/02/08 5002 33 15 1
2021/02/07 5002 95 55 1
2021/02/06 5002 18 5 1
2021/02/05 5002 20 11 1
2021/01/20 5001 10 9 1
2021/01/21 5001 30 10 1
2021/01/22 5001 50 42 1
2021/01/25 5001 20 11 1
2021/01/27 5001 18 5 1
2021/01/28 5001 95 55 1
2021/01/30 5001 33 15 1
2021/02/01 5001 12 2 1
2021/02/03 5001 48 9 1
2021/02/07 5001 57 35 1
2021/02/09 5001 48 21 1
2021/02/10 5001 44 32 1
2021/02/12 5001 12 10 1
2021/02/13 5001 66 19 1
2021/01/19 5002 10 9 1
2021/01/21 5002 30 10 1
2021/01/23 5002 80 42 1
